0
0
0
0
0
0
0
0
0
0
0

0
0
0
0
0
0
0
0
0
0
0

0
0
0
0
0
0
0
0
0
0

0
0
0
0
0
05
1
1
1
1
1

1
1
1
1
1
1
1
1
1
1
1
52
2
2
2
2
2
2
2
2
2

2
2
2
2
2
253
3
3
3
3

3
3
3
3
3
3
3
3
3
3
3
54
4
4
4
4
4
4
4
4
4

4
4
4
4
4
415
5
5
5
5

5
5
5
5
5
5
5
5
5
5
5
06
6
6
6
6
6
6
6
6
6

6
6
6
6
6
637
7
7
7
7

7
7
7
7
7
7
7
7
7
7
7
28
8
8
8
8
8
8
8
8
8

8
8
8
8
8
839
9
9
9
9

9
9
9
9
9
9
9
9
9
9
9
446

255

0

0

4

25

36

43

46

49

49

50

50

46

55

46

85

39

255

150

255

178

80

0

81

0

255

144

178

0

140

11

165

16

26

0

42

0

154

252

255

143

130

85

86

70

64

52

58

56

53

55

52

54

52

52

51

51

52

53

51

51

0

0

0

0

15

255

255

255

179

126

94

78

66

62

56

54

53

53

53

55

53

53

51

51

51

52

51

25

57

55

54

53

53

0

61

0

26

0

51

0

99

121

255

220

151

0

40

0

100

0

90

0

103

0

127

255

255

173

123

40

95

31

85

0

98

0

93

0

87

171

139

56

100

0

113

0

137

0

86

0

79

0

99

40

223

60

125

0

85

0

115

0

87

0

83

0

104

0

247

104

168

0

105

0

126

0

111

0

93

0

113

0

185

97

176

0

104

0

149

0

129

0

112

0

123

0

151

112

217

0

116

0

127

0

140

0

111

0

118

0

124

79

230

0

138

0

155

16

207

10

126

0

15

0

0

0

0

17

30

40

42

175

255

0

0

19

32

41

45

45

49

51

86

39

118

26

98

29

114

58

148

37

157

62

242

227

212

31

112

22

146

80

155

21

88

0

80

0

89

73

252

83

125

20

105

0

135

0

93

0

70

0

121

0

174

159

170

36

118

0

121

0

110

0

90

0

86

0

96

92

171

57

113

4

105

0

111

0

94

0

80

0

74

0

130

95

152

13

117

0

92

0

90

0

66

0

71

0

88

0

139

82

164

0

109

0

99

0

97

0

83

0

74

0

78

0

163

71

120

0

75

0

95

0

70

0

71

0

92

1

95

6

188

57

108

2

84

0

85

0

71

0

61

0

43

0

64

0

179

77

107

9

74

0

68

0

64

0

46

0

59

0

74

1

164

59

85

4

71

5

84

0

46

0

40

0

58

0

36

0

122

119

131

22

79

6

68

7

57

0

39

0

46

5

75

16

52

54

145

60

61

15

53

6

66

12

38

0

20

0

16

0

8

0

43

144

138

47

49

16

38

19

34

0

11

0

16

19

31

12

37

165

135

45

40

21

31

26

24

0

7

0

9

10

20

20

13

151

199

118

48

37

11

15

21

26

0

0

0

3

0

25

7

17

177

176

58

22

0

12

16

57

12

27

0

12

0

29

0

45

192

176

41

42

2

49

24

45

0

19

0

30

9

52

0

188

187

131

0

62

0

61

21

50

0

18

0

31

0

63

0

158

197

242

33

99

0

50

0

45

0

21

0

17

0

62

0

115

217

220

15

74

0

86

14

92

0

50

0

50

0

71

0

228

126

126

0

91

0

93

0

104

0

61

0

85

0

84

32

249

68

115

0

86

0

120

0

69

0

80

0

95

0

80

0

171

141

199

0

120

0

96

0

105

0

75

0

87

0

103

0

104

0

113

171

235

0

113

0

119

0

126

0

93

0

95

0

119

0

119

0

241

116

187

0

123

0

120

0

103

0

82

0

100

0

101

0

88

135

255

65

142

0

108

0

146

0

109

0

84

0

124

0

111

0

215

226

255

0

137

0

124

0

138

0

85

0

95

0

125

0

88

60

255

92

145

0

103

0

142

0

93

0

84

0

109

0

223

255

255

47

145

0

86

0

85

0

76

0

128

0

111

0

180

255

255

166

203

32

152

0

150

0

88

0

92

0

100

0

92

0

255

238

246

19

184

0

167

0

121

0

105

0

123

0

128

0

169

255

255

11

159

0

146

0

134

0

100

0

119

0

146

0

125

213

255

49

164

0

117

0

166

0

101

0

105

0

138

0

179

0

255

224

212

0

172

0

114

0

117

0

98

0

108

0

116

0

149

106

255

155

218

0

131

0

145

0

105

0

114

0

164

0

151

34

255

140

179

0

152

0

171

0

111

0

96

0

110

0

135

0

255

215

251

0

167

0

115

0

151

0

100

0

112

0

139

0

136

171

255

18

142

0

120

0

167

0

98

0

114

0

144

0

214

179

255

0

146

17

126

0

135

0

93

0

115

0

136

0

255

127

210

0

175

0

144

0

91

0

101

0

110

0

114

0

111

94

246

0

145

0

118

0

134

0

87

0

105

0

145

0

156

0

255

103

192

0

134

0

125

0

93

0

91

0

120

0

129

0

150

170

255

23

158

0

124

0

142

0

92

0

93

0

133

0

115

0

255

112

176

0

138

0

135

0

109

0

77

0

103

0

104

0

116

7

255

107

161

0

113

0

125

0

99

0

54

0

90

0

119

0

110

145

255

41

130

0

121

44

137

0

81

0

78

0

116

0

100

39

255

78

136

0

99

0

109

0

81

0

75

0

98

0

95

0

255

124

168

0

122

0

115

0

91

0

52

0

85

0

105

0

102

164

244

4

106

0

84

0

104

0

81

0

107

0

126

0

160

121

186

0

93

0

101

0

96

0

75

0

95

0

123

42

251

65

114

0

87

0

87

0

66

0

69

0

103

0

107

113

207

18

107

0

86

0

99

0

54

0

0

0

82

0

85

94

177

7

98

0

95

3

122

0

58

0

45

0

97

0

96

54

197

41

95

0

81

0

107

0

86

0

64

0

70

0

71

0

135

96

153

9

97

0

84

0

80

0

47

0

54

0

69

0

79

0

119

148

187

22

103

0

77

0

71

0

37

0

48

0

62

0

62

0

44

96

233

67

116

10

103

8

96

0

48

0

28

0

71

1

89

0

95

112

155

6

82

0

77

0

74

53

53

0

58

0

67

0

65

0

205

136

149

20

83

0

58

0

63

0

29

0

34

0

79

0

67

98

233

61

79

0

84

9

108

0

56

0

42

0

68

0

86

157

249

58

92

0

79

0

77

0

53

0

69

0

78

0

195

127

142

0

78

0

75

0

65

0

49

0

56

0

75

0

242

114

133

4

94

0

88

0

81

0

44

0

70

0

76

0
